kochsnowflake
=============

**Name**:

geom kochsnowflake

**Description**:

Generate a koch snow flake.

**Arguments**:

   * -n --number: The number of points.

   * -g --geometry: The input geometry

   * --help : Print help message



**Example**:::

    >>>geom kochsnowflake -g "POLYGON ((0 0, 0 10, 10 10, 10 0, 0 0))" -n 100

    POLYGON ((0.5555555555555555 3.8490017945975046, 0.0000000000000003 4.811252243246881, 1.111111111111111 4.81125224324688, 1.6666666666666665 5.773502691896256, 1.1111111111111112 6.735753140545633, 0.0000000000000001 6.735753140545633, 0.5555555555555558 7.698003589195009, 0.0000000000000004 8.660254037844386, 1.1111111111111112 8.660254037844386, 1.6666666666666667 9.622504486493762, 2.222222222222222 8.660254037844386, 3.333333333333333 8.660254037844386, 3.8888888888888884 9.622504486493762, 3.3333333333333326 10.584754935143138, 4.444444444444445 10.584754935143138, 5 11.547005383792515, 5.555555555555555 10.584754935143138, 6.666666666666666 10.584754935143136, 6.111111111111111 9.622504486493762, 6.666666666666666 8.660254037844386, 7.777777777777777 8.660254037844386, 8.333333333333332 9.622504486493762, 8.88888888888889 8.660254037844386, 10 8.660254037844386, 9.444444444444445 7.69800358919501, 9.999999999999998 6.735753140545634, 8.888888888888888 6.735753140545635, 8.333333333333332 5.773502691896258, 8.888888888888888 4.811252243246882, 10 4.811252243246882, 9.444444444444445 3.8490017945975055, 10 2.8867513459481287, 8.88888888888889 2.8867513459481287, 8.333333333333334 1.9245008972987525, 7.777777777777779 2.8867513459481287, 6.666666666666667 2.8867513459481287, 6.111111111111112 1.9245008972987525, 6.666666666666667 0.9622504486493761, 5.555555555555555 0.9622504486493764, 5 0, 4.444444444444445 0.9622504486493761, 3.333333333333334 0.9622504486493764, 3.8888888888888893 1.9245008972987523, 3.333333333333334 2.8867513459481287, 2.2222222222222228 2.8867513459481287, 1.666666666666667 1.9245008972987523, 1.1111111111111116 2.8867513459481287, 0 2.8867513459481287, 0.5555555555555555 3.8490017945975046))