random
======

**Name**:

geom random

**Description**:

Generate random points inside the input geometry.

**Arguments**:

   * -n --number: The number of points

   * -r --gridded: The flag for whether the random points should be gridded.

   * -c --constrained: The flag for whether the random points should be constrained to a circle when gridded.

   * -f --gutterFraction: The gutter distance or padding for random points when gridded.

   * -g --geometry: The input geometry

   * --help : Print help message



**Example**:::

    >>>geom random -g "POLYGON ((0 0, 0 10, 10 10, 10 0, 0 0))" -n 100

    MULTIPOINT ((1.4586275993103404 5.196413945289296), (5.872796581986308 2.1971522756615878), (2.944120482173199 1.8943806994900148), (7.660627488874945 0.6851453722254086), (2.6617215541144947 6.109591030514013), (2.2757030660012756 3.2248085577867593), (9.428351186932742 9.553588119130168), (9.363871538001188 7.172353701673199), (8.969248576866747 5.05718486796908), (8.592900370524895 0.9367897080685672), (9.569223991456385 6.530380510558302), (7.204082227429974 8.381734784655285), (7.275729385054619 4.5245878523444505), (7.725552902115643 4.196512511229597), (4.249028205041608 8.807392263037947), (4.076391444062205 0.6946057866000999), (1.0129396222504916 5.971382658872453), (3.480015941960106 6.390110326295419), (7.080340618803812 5.772433469563718), (2.357348806125631 0.6579162422298335), (4.710810939888786 4.62913474474653), (6.684675348056492 6.800918681881802), (7.403510548723631 8.513902520378329), (1.1780715009561427 7.927640380587505), (8.136577677365764 0.3276274090031972), (7.105734983186966 6.186226428159878), (2.3350470625840067 8.773546231660209), (5.531499258355522 6.105844719224713), (7.0824819483804715 6.732351608769437), (1.3572693052705198 7.064114114952096), (1.1872224094349204 7.1893821100962505), (3.659070126604498 8.22924695318806), (0.3723538529901349 3.8760627670307066), (9.500848610163025 1.718185507433816), (8.079203472302364 1.9615938150283585), (1.6621263479635007 6.167074751114611), (5.157373141293467 1.36721744037402), (5.530053841955524 3.4280074268882443), (1.0600245922271856 1.574212258219918), (6.783364883152894 5.686040111545338), (5.071330314813883 2.1581034974715796), (9.435191664587046 8.933071055052764), (8.563713360832969 7.705396457668935), (3.303644191325048 1.4402393073772346), (8.315695354141189 9.25547377103301), (1.0435203768295465 2.638085195638582), (6.51688161192149 6.959124573857175), (7.499458909293595 8.643793699034028), (5.244809898235442 0.256497951578748), (8.330303101408267 5.567415302113968), (1.9190962640329823 2.551108872333038), (0.6063985813864126 0.684040326689056), (7.521513820666307 7.0928433563148925), (5.395997414704823 4.576480627978208), (1.2163397857781144 9.581746903662653), (1.233897538833496 4.433088381684143), (3.4135179303723016 0.8657000120143232), (7.804895985161169 9.82792278707587), (4.287873818291849 0.0289213780481978), (1.176592750608535 7.515551883088307), (6.300837691020988 4.15455837550441), (5.480528802442043 1.0403550254404659), (7.366819824435421 6.093460951142164), (1.067600544431434 4.290270859744077), (5.9645973768744724 5.682556248253208), (5.853142087014715 5.517509739048054), (0.7147664993004788 3.0300747708855678), (4.819023729938396 9.803835908599389), (4.727520527816803 4.721204028218332), (2.454563046593293 3.46559167632471), (9.370719674286782 5.09657322541626), (4.295003971534516 3.4737255239463893), (3.016415897930178 5.117303737863308), (6.655766984716745 8.606653391212948), (7.794704374801706 0.7541866242882456), (8.162630570406467 6.758870844847753), (1.4169737917010683 1.3248722381042988), (2.74245540636725 4.59580239729775), (1.7263323051613355 5.751796711739754), (1.3660165544025005 1.5754596740633864), (8.79118488796962 1.3248819064236295), (9.023959912264473 0.2500545771405682), (3.0786495616420115 5.226890136547784), (4.168857929123159 8.71579180805493), (8.527692496895735 3.815630306500104), (0.1707838795036909 9.096645457990286), (6.187573302407964 8.456047957642967), (2.2107867654124655 8.027999543037716), (7.4953925107235255 9.556554735295741), (8.476094261481732 1.2486124924092168), (6.237232249769674 2.3877861959811755), (1.5228291337155986 4.614443832035629), (4.770593409227888 9.248299077129591), (4.236475728296067 8.115458390361209), (3.1815237023063405 2.590553837747671), (4.9472844464515315 7.806600777472427), (9.708047376875244 2.8318487761724622), (7.9472610451829855 2.956713037142441), (6.982197685476139 2.7487076952328096), (8.907333717093715 2.1742481146910952))