sierpinskicarpet
================

**Name**:

geom sierpinskicarpet

**Description**:

Create a sierpinski carpet.

**Arguments**:

   * -n --number: The number of points.

   * -g --geometry: The input geometry

   * --help : Print help message



**Example**:::

    >>>geom sierpinskicarpet -g "POLYGON ((0 0, 0 10, 10 10, 10 0, 0 0))" -n 100

    POLYGON ((0 0, 0 10, 10 10, 10 0, 0 0), (0.3703703703703704 0.3703703703703704, 0.7407407407407408 0.3703703703703704, 0.7407407407407408 0.7407407407407408, 0.3703703703703704 0.7407407407407408, 0.3703703703703704 0.3703703703703704), (1.4814814814814816 0.3703703703703704, 1.851851851851852 0.3703703703703704, 1.851851851851852 0.7407407407407408, 1.4814814814814816 0.7407407407407408, 1.4814814814814816 0.3703703703703704), (2.5925925925925926 0.3703703703703704, 2.962962962962963 0.3703703703703704, 2.962962962962963 0.7407407407407408, 2.5925925925925926 0.7407407407407408, 2.5925925925925926 0.3703703703703704), (0.3703703703703704 1.4814814814814816, 0.7407407407407408 1.4814814814814816, 0.7407407407407408 1.851851851851852, 0.3703703703703704 1.851851851851852, 0.3703703703703704 1.4814814814814816), (2.5925925925925926 1.4814814814814816, 2.962962962962963 1.4814814814814816, 2.962962962962963 1.851851851851852, 2.5925925925925926 1.851851851851852, 2.5925925925925926 1.4814814814814816), (0.3703703703703704 2.5925925925925926, 0.7407407407407408 2.5925925925925926, 0.7407407407407408 2.962962962962963, 0.3703703703703704 2.962962962962963, 0.3703703703703704 2.5925925925925926), (1.4814814814814816 2.5925925925925926, 1.851851851851852 2.5925925925925926, 1.851851851851852 2.962962962962963, 1.4814814814814816 2.962962962962963, 1.4814814814814816 2.5925925925925926), (2.5925925925925926 2.5925925925925926, 2.962962962962963 2.5925925925925926, 2.962962962962963 2.962962962962963, 2.5925925925925926 2.962962962962963, 2.5925925925925926 2.5925925925925926), (1.1111111111111112 1.1111111111111112, 2.2222222222222223 1.1111111111111112, 2.2222222222222223 2.2222222222222223, 1.1111111111111112 2.2222222222222223, 1.1111111111111112 1.1111111111111112), (3.7037037037037037 0.3703703703703704, 4.074074074074074 0.3703703703703704, 4.074074074074074 0.7407407407407408, 3.7037037037037037 0.7407407407407408, 3.7037037037037037 0.3703703703703704), (4.814814814814815 0.3703703703703704, 5.185185185185185 0.3703703703703704, 5.185185185185185 0.7407407407407408, 4.814814814814815 0.7407407407407408, 4.814814814814815 0.3703703703703704), (5.925925925925926 0.3703703703703704, 6.296296296296296 0.3703703703703704, 6.296296296296296 0.7407407407407408, 5.925925925925926 0.7407407407407408, 5.925925925925926 0.3703703703703704), (3.7037037037037037 1.4814814814814816, 4.074074074074074 1.4814814814814816, 4.074074074074074 1.851851851851852, 3.7037037037037037 1.851851851851852, 3.7037037037037037 1.4814814814814816), (5.925925925925926 1.4814814814814816, 6.296296296296296 1.4814814814814816, 6.296296296296296 1.851851851851852, 5.925925925925926 1.851851851851852, 5.925925925925926 1.4814814814814816), (3.7037037037037037 2.5925925925925926, 4.074074074074074 2.5925925925925926, 4.074074074074074 2.962962962962963, 3.7037037037037037 2.962962962962963, 3.7037037037037037 2.5925925925925926), (4.814814814814815 2.5925925925925926, 5.185185185185185 2.5925925925925926, 5.185185185185185 2.962962962962963, 4.814814814814815 2.962962962962963, 4.814814814814815 2.5925925925925926), (5.925925925925926 2.5925925925925926, 6.296296296296296 2.5925925925925926, 6.296296296296296 2.962962962962963, 5.925925925925926 2.962962962962963, 5.925925925925926 2.5925925925925926), (4.444444444444445 1.1111111111111112, 5.555555555555555 1.1111111111111112, 5.555555555555555 2.2222222222222223, 4.444444444444445 2.2222222222222223, 4.444444444444445 1.1111111111111112), (7.037037037037037 0.3703703703703704, 7.407407407407407 0.3703703703703704, 7.407407407407407 0.7407407407407408, 7.037037037037037 0.7407407407407408, 7.037037037037037 0.3703703703703704), (8.148148148148149 0.3703703703703704, 8.518518518518519 0.3703703703703704, 8.518518518518519 0.7407407407407408, 8.148148148148149 0.7407407407407408, 8.148148148148149 0.3703703703703704), (9.25925925925926 0.3703703703703704, 9.62962962962963 0.3703703703703704, 9.62962962962963 0.7407407407407408, 9.25925925925926 0.7407407407407408, 9.25925925925926 0.3703703703703704), (7.037037037037037 1.4814814814814816, 7.407407407407407 1.4814814814814816, 7.407407407407407 1.851851851851852, 7.037037037037037 1.851851851851852, 7.037037037037037 1.4814814814814816), (9.25925925925926 1.4814814814814816, 9.62962962962963 1.4814814814814816, 9.62962962962963 1.851851851851852, 9.25925925925926 1.851851851851852, 9.25925925925926 1.4814814814814816), (7.037037037037037 2.5925925925925926, 7.407407407407407 2.5925925925925926, 7.407407407407407 2.962962962962963, 7.037037037037037 2.962962962962963, 7.037037037037037 2.5925925925925926), (8.148148148148149 2.5925925925925926, 8.518518518518519 2.5925925925925926, 8.518518518518519 2.962962962962963, 8.148148148148149 2.962962962962963, 8.148148148148149 2.5925925925925926), (9.25925925925926 2.5925925925925926, 9.62962962962963 2.5925925925925926, 9.62962962962963 2.962962962962963, 9.25925925925926 2.962962962962963, 9.25925925925926 2.5925925925925926), (7.777777777777779 1.1111111111111112, 8.88888888888889 1.1111111111111112, 8.88888888888889 2.2222222222222223, 7.777777777777779 2.2222222222222223, 7.777777777777779 1.1111111111111112), (0.3703703703703704 3.7037037037037037, 0.7407407407407408 3.7037037037037037, 0.7407407407407408 4.074074074074074, 0.3703703703703704 4.074074074074074, 0.3703703703703704 3.7037037037037037), (1.4814814814814816 3.7037037037037037, 1.851851851851852 3.7037037037037037, 1.851851851851852 4.074074074074074, 1.4814814814814816 4.074074074074074, 1.4814814814814816 3.7037037037037037), (2.5925925925925926 3.7037037037037037, 2.962962962962963 3.7037037037037037, 2.962962962962963 4.074074074074074, 2.5925925925925926 4.074074074074074, 2.5925925925925926 3.7037037037037037), (0.3703703703703704 4.814814814814815, 0.7407407407407408 4.814814814814815, 0.7407407407407408 5.185185185185185, 0.3703703703703704 5.185185185185185, 0.3703703703703704 4.814814814814815), (2.5925925925925926 4.814814814814815, 2.962962962962963 4.814814814814815, 2.962962962962963 5.185185185185185, 2.5925925925925926 5.185185185185185, 2.5925925925925926 4.814814814814815), (0.3703703703703704 5.925925925925926, 0.7407407407407408 5.925925925925926, 0.7407407407407408 6.296296296296296, 0.3703703703703704 6.296296296296296, 0.3703703703703704 5.925925925925926), (1.4814814814814816 5.925925925925926, 1.851851851851852 5.925925925925926, 1.851851851851852 6.296296296296296, 1.4814814814814816 6.296296296296296, 1.4814814814814816 5.925925925925926), (2.5925925925925926 5.925925925925926, 2.962962962962963 5.925925925925926, 2.962962962962963 6.296296296296296, 2.5925925925925926 6.296296296296296, 2.5925925925925926 5.925925925925926), (1.1111111111111112 4.444444444444445, 2.2222222222222223 4.444444444444445, 2.2222222222222223 5.555555555555555, 1.1111111111111112 5.555555555555555, 1.1111111111111112 4.444444444444445), (7.037037037037037 3.7037037037037037, 7.407407407407407 3.7037037037037037, 7.407407407407407 4.074074074074074, 7.037037037037037 4.074074074074074, 7.037037037037037 3.7037037037037037), (8.148148148148149 3.7037037037037037, 8.518518518518519 3.7037037037037037, 8.518518518518519 4.074074074074074, 8.148148148148149 4.074074074074074, 8.148148148148149 3.7037037037037037), (9.25925925925926 3.7037037037037037, 9.62962962962963 3.7037037037037037, 9.62962962962963 4.074074074074074, 9.25925925925926 4.074074074074074, 9.25925925925926 3.7037037037037037), (7.037037037037037 4.814814814814815, 7.407407407407407 4.814814814814815, 7.407407407407407 5.185185185185185, 7.037037037037037 5.185185185185185, 7.037037037037037 4.814814814814815), (9.25925925925926 4.814814814814815, 9.62962962962963 4.814814814814815, 9.62962962962963 5.185185185185185, 9.25925925925926 5.185185185185185, 9.25925925925926 4.814814814814815), (7.037037037037037 5.925925925925926, 7.407407407407407 5.925925925925926, 7.407407407407407 6.296296296296296, 7.037037037037037 6.296296296296296, 7.037037037037037 5.925925925925926), (8.148148148148149 5.925925925925926, 8.518518518518519 5.925925925925926, 8.518518518518519 6.296296296296296, 8.148148148148149 6.296296296296296, 8.148148148148149 5.925925925925926), (9.25925925925926 5.925925925925926, 9.62962962962963 5.925925925925926, 9.62962962962963 6.296296296296296, 9.25925925925926 6.296296296296296, 9.25925925925926 5.925925925925926), (7.777777777777779 4.444444444444445, 8.88888888888889 4.444444444444445, 8.88888888888889 5.555555555555555, 7.777777777777779 5.555555555555555, 7.777777777777779 4.444444444444445), (0.3703703703703704 7.037037037037037, 0.7407407407407408 7.037037037037037, 0.7407407407407408 7.407407407407407, 0.3703703703703704 7.407407407407407, 0.3703703703703704 7.037037037037037), (1.4814814814814816 7.037037037037037, 1.851851851851852 7.037037037037037, 1.851851851851852 7.407407407407407, 1.4814814814814816 7.407407407407407, 1.4814814814814816 7.037037037037037), (2.5925925925925926 7.037037037037037, 2.962962962962963 7.037037037037037, 2.962962962962963 7.407407407407407, 2.5925925925925926 7.407407407407407, 2.5925925925925926 7.037037037037037), (0.3703703703703704 8.148148148148149, 0.7407407407407408 8.148148148148149, 0.7407407407407408 8.518518518518519, 0.3703703703703704 8.518518518518519, 0.3703703703703704 8.148148148148149), (2.5925925925925926 8.148148148148149, 2.962962962962963 8.148148148148149, 2.962962962962963 8.518518518518519, 2.5925925925925926 8.518518518518519, 2.5925925925925926 8.148148148148149), (0.3703703703703704 9.25925925925926, 0.7407407407407408 9.25925925925926, 0.7407407407407408 9.62962962962963, 0.3703703703703704 9.62962962962963, 0.3703703703703704 9.25925925925926), (1.4814814814814816 9.25925925925926, 1.851851851851852 9.25925925925926, 1.851851851851852 9.62962962962963, 1.4814814814814816 9.62962962962963, 1.4814814814814816 9.25925925925926), (2.5925925925925926 9.25925925925926, 2.962962962962963 9.25925925925926, 2.962962962962963 9.62962962962963, 2.5925925925925926 9.62962962962963, 2.5925925925925926 9.25925925925926), (1.1111111111111112 7.777777777777779, 2.2222222222222223 7.777777777777779, 2.2222222222222223 8.88888888888889, 1.1111111111111112 8.88888888888889, 1.1111111111111112 7.777777777777779), (3.7037037037037037 7.037037037037037, 4.074074074074074 7.037037037037037, 4.074074074074074 7.407407407407407, 3.7037037037037037 7.407407407407407, 3.7037037037037037 7.037037037037037), (4.814814814814815 7.037037037037037, 5.185185185185185 7.037037037037037, 5.185185185185185 7.407407407407407, 4.814814814814815 7.407407407407407, 4.814814814814815 7.037037037037037), (5.925925925925926 7.037037037037037, 6.296296296296296 7.037037037037037, 6.296296296296296 7.407407407407407, 5.925925925925926 7.407407407407407, 5.925925925925926 7.037037037037037), (3.7037037037037037 8.148148148148149, 4.074074074074074 8.148148148148149, 4.074074074074074 8.518518518518519, 3.7037037037037037 8.518518518518519, 3.7037037037037037 8.148148148148149), (5.925925925925926 8.148148148148149, 6.296296296296296 8.148148148148149, 6.296296296296296 8.518518518518519, 5.925925925925926 8.518518518518519, 5.925925925925926 8.148148148148149), (3.7037037037037037 9.25925925925926, 4.074074074074074 9.25925925925926, 4.074074074074074 9.62962962962963, 3.7037037037037037 9.62962962962963, 3.7037037037037037 9.25925925925926), (4.814814814814815 9.25925925925926, 5.185185185185185 9.25925925925926, 5.185185185185185 9.62962962962963, 4.814814814814815 9.62962962962963, 4.814814814814815 9.25925925925926), (5.925925925925926 9.25925925925926, 6.296296296296296 9.25925925925926, 6.296296296296296 9.62962962962963, 5.925925925925926 9.62962962962963, 5.925925925925926 9.25925925925926), (4.444444444444445 7.777777777777779, 5.555555555555555 7.777777777777779, 5.555555555555555 8.88888888888889, 4.444444444444445 8.88888888888889, 4.444444444444445 7.777777777777779), (7.037037037037037 7.037037037037037, 7.407407407407407 7.037037037037037, 7.407407407407407 7.407407407407407, 7.037037037037037 7.407407407407407, 7.037037037037037 7.037037037037037), (8.148148148148149 7.037037037037037, 8.518518518518519 7.037037037037037, 8.518518518518519 7.407407407407407, 8.148148148148149 7.407407407407407, 8.148148148148149 7.037037037037037), (9.25925925925926 7.037037037037037, 9.62962962962963 7.037037037037037, 9.62962962962963 7.407407407407407, 9.25925925925926 7.407407407407407, 9.25925925925926 7.037037037037037), (7.037037037037037 8.148148148148149, 7.407407407407407 8.148148148148149, 7.407407407407407 8.518518518518519, 7.037037037037037 8.518518518518519, 7.037037037037037 8.148148148148149), (9.25925925925926 8.148148148148149, 9.62962962962963 8.148148148148149, 9.62962962962963 8.518518518518519, 9.25925925925926 8.518518518518519, 9.25925925925926 8.148148148148149), (7.037037037037037 9.25925925925926, 7.407407407407407 9.25925925925926, 7.407407407407407 9.62962962962963, 7.037037037037037 9.62962962962963, 7.037037037037037 9.25925925925926), (8.148148148148149 9.25925925925926, 8.518518518518519 9.25925925925926, 8.518518518518519 9.62962962962963, 8.148148148148149 9.62962962962963, 8.148148148148149 9.25925925925926), (9.25925925925926 9.25925925925926, 9.62962962962963 9.25925925925926, 9.62962962962963 9.62962962962963, 9.25925925925926 9.62962962962963, 9.25925925925926 9.25925925925926), (7.777777777777779 7.777777777777779, 8.88888888888889 7.777777777777779, 8.88888888888889 8.88888888888889, 7.777777777777779 8.88888888888889, 7.777777777777779 7.777777777777779), (3.3333333333333335 3.3333333333333335, 6.666666666666667 3.3333333333333335, 6.666666666666667 6.666666666666667, 3.3333333333333335 6.666666666666667, 3.3333333333333335 3.3333333333333335))