text
====

**Name**:

geom text

**Description**:

Create a geometry from a string.

**Arguments**:

   * -t --text: The text

   * -f --fontName: The font name

   * -s --pointSize: The font size

   * --help : Print help message



**Example**:::

    geom text -t "JTS"

    MULTIPOLYGON (((1.59375 12.7265625, 1.30078125 18.50390625, 3.609375 18.50390625, 3.328125 12.7265625, 1.59375 12.7265625)), ((5.63671875 12.7265625, 5.34375 18.50390625, 7.6640625 18.50390625, 7.37109375 12.7265625, 5.63671875 12.7265625)), ((6.80859375 -3.22265625, 6.80859375 -1.04296875, 8.1328125 -1.3857421875, 9.29296875 -1.5, 9.9429931640625 -1.4498291015625, 10.48681640625 -1.29931640625, 10.9244384765625 -1.0484619140625, 11.255859375 -0.697265625, 11.4993896484375 -0.2208251953125, 11.67333984375 0.40576171875, 11.7777099609375 1.1824951171875, 11.8125 2.109375, 11.8125 17.34375, 14.2734375 17.34375, 14.2734375 2.19140625, 14.18975830078125 0.86480712890625, 13.938720703125 -0.284912109375, 13.52032470703125 -1.25775146484375, 12.9345703125 -2.0537109375, 12.578933715820312 -2.3853607177734375, 12.18145751953125 -2.67279052734375, 11.260986328125 -3.114990234375, 10.17315673828125 -3.38031005859375, 8.91796875 -3.46875, 7.98046875 -3.4072265625, 6.80859375 -3.22265625)), ((22.79296875 -0, 22.79296875 15.50390625, 16.640625 15.50390625, 16.640625 17.34375, 31.40625 17.34375, 31.40625 15.50390625, 25.25390625 15.50390625, 25.25390625 -0, 22.79296875 -0)), ((37.2421875 -0.43359375, 36.308349609375 -0.385986328125, 35.2529296875 -0.2431640625, 34.075927734375 -0.005126953125, 32.77734375 0.328125, 32.77734375 2.765625, 34.177001953125 2.1708984375, 35.4462890625 1.74609375, 36.585205078125 1.4912109375, 37.59375 1.40625, 38.2847900390625 1.453857421875, 38.90478515625 1.5966796875, 39.4537353515625 1.834716796875, 39.931640625 2.16796875, 40.3187255859375 2.578857421875, 40.59521484375 3.0498046875, 40.7611083984375 3.580810546875, 40.81640625 4.171875, 40.7801513671875 4.66259765625, 40.67138671875 5.115234375, 40.4901123046875 5.52978515625, 40.236328125 5.90625, 39.8851318359375 6.27392578125, 39.41162109375 6.662109375, 38.09765625 7.5, 36.90234375 8.19140625, 35.8765869140625 8.8150634765625, 35.01416015625 9.42041015625, 34.3150634765625 10.0074462890625, 33.779296875 10.576171875, 33.3819580078125 11.1588134765625, 33.09814453125 11.78759765625, 32.9278564453125 12.4625244140625, 32.87109375 13.18359375, 32.9619140625 14.1412353515625, 33.234375 15.01025390625, 33.6884765625 15.7906494140625, 34.32421875 16.482421875, 35.1005859375 17.0489501953125, 35.9765625 17.45361328125, 36.9521484375 17.6964111328125, 38.02734375 17.77734375, 39.043212890625 17.735595703125, 40.0869140625 17.6103515625, 41.158447265625 17.401611328125, 42.2578125 17.109375, 42.2578125 14.859375, 40.973876953125 15.3310546875, 39.8642578125 15.66796875, 38.928955078125 15.8701171875, 38.16796875 15.9375, 37.55712890625 15.89501953125, 37.001953125 15.767578125, 36.50244140625 15.55517578125, 36.05859375 15.2578125, 35.694580078125 14.89599609375, 35.4345703125 14.490234375, 35.278564453125 14.04052734375, 35.2265625 13.546875, 35.2646484375 13.125732421875, 35.37890625 12.7294921875, 35.5693359375 12.358154296875, 35.8359375 12.01171875, 36.697265625 11.279296875, 38.0625 10.41796875, 39.3046875 9.71484375, 40.3447265625 9.0849609375, 41.21484375 8.47265625, 41.9150390625 7.8779296875, 42.4453125 7.30078125, 42.8349609375 6.703857421875, 43.11328125 6.0498046875, 43.2802734375 5.338623046875, 43.3359375 4.5703125, 43.2315673828125 3.4951171875, 42.91845703125 2.53125, 42.3966064453125 1.6787109375, 41.666015625 0.9375, 40.7633056640625 0.337646484375, 39.72509765625 -0.0908203125, 38.5513916015625 -0.347900390625, 37.2421875 -0.43359375)), ((46.125 12.7265625, 45.83203125 18.50390625, 48.140625 18.50390625, 47.859375 12.7265625, 46.125 12.7265625)), ((50.16796875 12.7265625, 49.875 18.50390625, 52.1953125 18.50390625, 51.90234375 12.7265625, 50.16796875 12.7265625)))